,,,,,,1.012100
,,,,,,0.996100
,,,,,,1.033100
,,,,,,1.051500
,,,,,,1.060300
,,,,,,1.067800
,,,,,,1.081500
,,,,,,1.080300
,,,,,,1.091500
,,,,,,1.108300
,,,,,,1.100300
,,,,,,1.093800
,,,,,,1.096300
,,,,,,1.097400
,,,,,,1.119600
,,,,,,1.118100
,,,,,,1.102800
,,,,,,1.103500
,,,,,,1.108300
,,,,,,1.103500
,,,,,,1.123600
,,,,,,1.113300
,,,,,,1.116300
,,,,,,1.109500
,,,,,,1.112200
,,,,,,1.102900
,,,,,,1.083400
,,,,,,1.084500
,,,,,,1.089500
,,,,,,1.078400
,,,,,,1.073600
,,,,,,1.074500
,,,,,,1.064400
,,,,,,1.065600
,,,,,,1.054500
,,,,,,1.064300
,,,,,,1.062300
,,,,,,1.065700
,,,,,,1.054300
,,,,,,1.057700
,,,,,,1.064800
,,,,,,1.061400
,,,,,,1.076400
,,,,,,1.075500
,,,,,,1.087000
,,,,,,1.062100
,,,,,,1.054300
,,,,,,1.043800
,,,,,,1.041400
,,,,,,1.031000
,,,,,,1.021600
,,,,,,1.005900
,,,,,,1.000100
,,,,,,0.990700
,,,,,,0.998800
,,,,,,1.000000
